 2.14 KB
 

#R  Casey-Leopold PES
#   Casey, S. M.; Leopold, D. G. Negative Ion Photoelectron Spectroscopy of Chromium Dimer. J. Phys. Chem. 1993, 97, 816-830.
1.4950 -0.633076209309
1.4960 -0.649566107700
1.4970 -0.666056006091
1.4980 -0.682545904482
1.4990 -0.699035802873
1.5000 -0.715525701265
1.5020 -0.731891615457
1.5030 -0.748257529650
1.5040 -0.764623443843
1.5050 -0.780741389638
1.5060 -0.796983319633
1.5080 -0.812977281230
1.5090 -0.828847258629
1.5100 -0.844717236028
1.5110 -0.860339245030
1.5130 -0.875713285635
1.5140 -0.890963342042
1.5150 -0.905717461655
1.5160 -0.920223612871
1.5180 -0.934109843096
1.5190 -0.947500136526
1.5200 -0.960270508964
1.5210 -0.972668928807
1.5220 -0.984695396055
1.5230 -0.996721863302
1.5250 -1.008624346352
1.5260 -1.020898781996
1.5270 -1.033669154434
1.5290 -1.047183432063
1.5300 -1.061813567478
1.5320 -1.077931513274
1.5340 -1.095661253649
1.5360 -1.115498725398
1.5390 -1.137691896917
1.5420 -1.162612720801
1.5450 -1.190509165447
1.5490 -1.221629199253
1.5540 -1.256220790615
1.5600 -1.294531907930
1.5680 -1.336438566999
1.5770 -1.382188736219
1.5890 -1.431658431393
1.6050 -1.484599684122
1.6330 -1.540640541812
1.6788 -1.570000000000
1.7390 -1.540640541812
1.7920 -1.484599684122
1.8360 -1.431658431393
1.8780 -1.382188736219
1.9210 -1.336438566999
1.9640 -1.294531907930
2.0100 -1.256220790615
2.0590 -1.221629199253
2.1120 -1.190509165447
2.1680 -1.162612720801
2.2280 -1.137691896917
2.2910 -1.115498725398
2.3590 -1.095661253649
2.4290 -1.077931513274
2.5000 -1.061813567478
2.5740 -1.047183432063
2.6440 -1.033669154434
2.7130 -1.020898781996
2.7770 -1.008624346352
2.8330 -0.996721863302
2.8830 -0.984695396055
2.9250 -0.972668928807
2.9580 -0.960270508964
2.9850 -0.947500136526
3.0040 -0.934109843096
3.0220 -0.920223612871
3.0380 -0.905717461655
3.0550 -0.890963342042
3.0730 -0.875713285635
3.0900 -0.860339245030
3.1080 -0.844717236028
3.1270 -0.828847258629
3.1460 -0.812977281230
3.1640 -0.796983319633
3.1830 -0.780741389638
3.2010 -0.764623443843
3.2200 -0.748257529650
3.2380 -0.731891615457
3.2550 -0.715525701265
3.2730 -0.699035802873
3.2910 -0.682545904482
3.3090 -0.666056006091
3.3290 -0.649566107700
3.3500 -0.633076209309